1234567890sdfghhqwertyuiopasdfghjklzxcvbnm,1234567890 QWERTYUIOPOASDFGHJKLZXCVBNM
10101010101010010101001010101001010101001001010100101001010010101010101010101001
11111111111111111111111111111111111111111111111111111111111111

11111111111111123456789009876541234567890

11111111111111123456789009876541234567890

11111111111111123456789009876541234567890

11111111111111123456789009876541234567890

11111111111111123456789009876541234567890

11111111111111123456789009876541234567890

11111111111111123456789009876541234567890

1111111111111111111111111111111

1111111111111111111111111111111

1111111111111111111111111111111

11111111111111111111111111111111111111

11111111111111111111111111111111111111

11111111111111111111111111111111111111111111111111111111111111111

11111111111111111111111111111111111111111111111111111111111111111

12311111111111111111111111111111111111111111111111111111111111111111

12311111111111111111111111111111111111111111111111111111111111111111

